level	page_num	block_num	par_num	line_num	word_num	left	top	width	height	conf	text
1	1	0	0	0	0	0	0	2050	3057	-1	
2	1	1	0	0	0	23	1890	24	791	-1	
3	1	1	1	0	0	23	1890	24	791	-1	
4	1	1	1	1	0	23	1890	24	791	-1	
5	1	1	1	1	1	23	2576	24	105	96.801720	Copyright
5	1	1	1	1	2	23	2549	19	19	96.801720	©
5	1	1	1	1	3	23	2482	19	60	96.818253	2014.
5	1	1	1	1	4	23	2421	19	52	96.489044	John
5	1	1	1	1	5	23	2352	24	59	93.275948	Wiley
5	1	1	1	1	6	24	2329	18	14	93.154915	&
5	1	1	1	1	7	23	2259	22	60	96.538490	Sons,
5	1	1	1	1	8	23	2104	24	143	96.378868	Incorporated.
5	1	1	1	1	9	23	2069	19	25	96.653847	All
5	1	1	1	1	10	23	2001	24	58	96.642471	rights
5	1	1	1	1	11	23	1890	19	101	96.678185	reserved.
2	1	2	0	0	0	42	2921	1586	53	-1	
3	1	2	1	0	0	42	2921	1586	53	-1	
4	1	2	1	1	0	42	2921	1586	24	-1	
5	1	2	1	1	1	42	2922	75	22	96.140709	Jarrett,
5	1	2	1	1	2	128	2921	58	20	96.871811	Gene
5	1	2	1	1	3	195	2922	89	19	96.697266	Andrew.
5	1	2	1	1	4	293	2922	42	19	96.934189	The
5	1	2	1	1	5	344	2922	60	23	96.045776	Wiley
5	1	2	1	1	6	413	2922	101	19	96.574860	Blackwell
5	1	2	1	1	7	523	2922	110	23	96.407913	Anthology
5	1	2	1	1	8	641	2922	20	19	97.019409	of
5	1	2	1	1	9	669	2922	76	19	96.723267	African
5	1	2	1	1	10	754	2922	103	19	96.217316	American
5	1	2	1	1	11	868	2922	108	22	96.595825	Literature,
5	1	2	1	1	12	986	2922	83	19	96.313156	Volume
5	1	2	1	1	13	1080	2922	6	18	90.784691	1
5	1	2	1	1	14	1101	2927	2	13	90.784691	:
5	1	2	1	1	15	1115	2922	51	19	92.586563	1746
5	1	2	1	1	16	1176	2932	6	2	92.586563	-
5	1	2	1	1	17	1192	2922	58	22	96.793671	1920,
5	1	2	1	1	18	1259	2922	53	19	96.591141	John
5	1	2	1	1	19	1321	2922	60	23	93.218307	Wiley
5	1	2	1	1	20	1390	2922	14	19	93.218307	&
5	1	2	1	1	21	1413	2921	61	23	96.777542	Sons,
5	1	2	1	1	22	1485	2922	143	23	96.834702	Incorporated,
4	1	2	1	2	0	105	2950	1144	24	-1	
5	1	2	1	2	1	105	2951	60	19	95.977211	2014.
5	1	2	1	2	2	176	2950	103	20	95.977211	ProQuest
5	1	2	1	2	3	289	2951	68	19	96.151825	Ebook
5	1	2	1	2	4	365	2950	85	23	93.262299	Central,
5	1	2	1	2	5	460	2950	789	24	39.918678	http://ebookcentral.proquest.com/lib/cwm/detail.action?docID=7103859.
2	1	3	0	0	0	112	108	52	269	-1	
3	1	3	1	0	0	112	108	52	269	-1	
4	1	3	1	1	0	112	108	52	269	-1	
5	1	3	1	1	1	116	201	35	176	92.362541	Contents
5	1	3	1	1	2	112	108	52	42	72.292648	5S.
2	1	4	0	0	0	344	150	1055	178	-1	
3	1	4	1	0	0	344	150	1055	178	-1	
4	1	4	1	1	0	344	150	1055	55	-1	
5	1	4	1	1	1	344	151	103	44	79.900780	Part
5	1	4	1	1	2	466	151	28	45	58.313786	3
5	1	4	1	1	3	557	150	89	45	88.957344	The
5	1	4	1	1	4	672	151	267	44	96.492325	Literatures
5	1	4	1	1	5	959	151	46	44	96.338707	of
5	1	4	1	1	6	1029	151	370	54	96.481918	Reconstruction,
4	1	4	1	2	0	562	216	827	55	-1	
5	1	4	1	2	1	562	217	144	44	96.541023	Racial
5	1	4	1	2	2	734	217	147	54	96.102173	Uplift,
5	1	4	1	2	3	899	217	83	44	95.296341	and
5	1	4	1	2	4	1003	216	74	45	96.170998	the
5	1	4	1	2	5	1103	217	103	44	96.390923	New
5	1	4	1	2	6	1231	217	158	52	96.311676	Negro:
4	1	4	1	3	0	559	283	325	45	-1	
5	1	4	1	3	1	559	283	325	45	88.132477	c.1865-1920
2	1	5	0	0	0	341	376	228	32	-1	
3	1	5	1	0	0	341	376	228	32	-1	
4	1	5	1	1	0	341	376	228	32	-1	
5	1	5	1	1	1	341	376	228	32	96.395729	Introduction
2	1	6	0	0	0	342	495	592	39	-1	
3	1	6	1	0	0	342	495	592	39	-1	
4	1	6	1	1	0	342	495	592	39	-1	
5	1	6	1	1	1	342	496	115	38	95.895485	Frank
5	1	6	1	1	2	473	496	36	38	96.712814	J.
5	1	6	1	1	3	522	496	115	38	96.114342	Webb
5	1	6	1	1	4	657	495	277	39	93.359680	(1828-1894)
2	1	7	0	0	0	415	584	506	38	-1	
3	1	7	1	0	0	415	584	506	38	-1	
4	1	7	1	1	0	415	584	506	38	-1	
5	1	7	1	1	1	415	586	68	29	96.618011	Two
5	1	7	1	1	2	497	584	109	31	96.535728	Wolves
5	1	7	1	1	3	618	584	61	31	96.496819	and
5	1	7	1	1	4	690	594	19	21	96.691849	a
5	1	7	1	1	5	719	584	91	31	95.987747	Lamb
5	1	7	1	1	6	823	586	98	36	96.599487	(1870)
2	1	8	0	0	0	412	666	337	41	-1	
3	1	8	1	0	0	412	666	337	41	-1	
4	1	8	1	1	0	412	666	337	41	-1	
5	1	8	1	1	1	412	669	122	28	96.926003	Marvin
5	1	8	1	1	2	545	666	95	41	95.891289	Hayle
5	1	8	1	1	3	652	668	97	36	96.474335	(1870)
2	1	9	0	0	0	343	783	849	47	-1	
3	1	9	1	0	0	343	783	849	47	-1	
4	1	9	1	1	0	343	783	849	47	-1	
5	1	9	1	1	1	343	784	153	38	96.563454	Pauline
5	1	9	1	1	2	519	784	190	38	96.488159	Elizabeth
5	1	9	1	1	3	733	784	162	46	96.509155	Hopkins
5	1	9	1	1	4	914	783	278	39	93.624207	(1859-1930)
2	1	10	0	0	0	412	872	1017	92	-1	
3	1	10	1	0	0	412	872	1017	92	-1	
4	1	10	1	1	0	412	872	1017	41	-1	
5	1	10	1	1	1	412	872	133	31	96.920418	Peculiar
5	1	10	1	1	2	555	874	78	35	96.926300	Sam,
5	1	10	1	1	3	648	883	34	20	95.012291	or
5	1	10	1	1	4	692	872	47	31	95.012291	the
5	1	10	1	1	5	753	872	212	41	96.849655	Underground
5	1	10	1	1	6	975	872	153	31	96.742691	Railroad:
5	1	10	1	1	7	1139	874	25	28	96.916023	A
5	1	10	1	1	8	1175	872	130	31	96.509575	Musical
5	1	10	1	1	9	1315	875	114	28	96.392921	Drama
4	1	10	1	2	0	459	928	306	36	-1	
5	1	10	1	2	1	459	929	32	28	95.832245	in
5	1	10	1	2	2	501	929	77	28	95.592621	Four
5	1	10	1	2	3	585	928	69	29	96.949570	Acts
5	1	10	1	2	4	667	928	98	36	95.653809	(1879)
2	1	11	0	0	0	340	1043	830	127	-1	
3	1	11	1	0	0	340	1043	830	127	-1	
4	1	11	1	1	0	340	1043	830	39	-1	
5	1	11	1	1	1	340	1044	153	38	95.854973	Charles
5	1	11	1	1	2	506	1044	166	38	96.044113	Waddell
5	1	11	1	1	3	694	1044	179	38	96.379349	Chesnutt
5	1	11	1	1	4	892	1043	278	39	95.493942	(1858-1932)
4	1	11	1	2	0	415	1132	487	38	-1	
5	1	11	1	2	1	415	1132	93	31	95.849556	What
5	1	11	1	2	2	518	1135	26	28	95.849556	Is
5	1	11	1	2	3	556	1142	18	21	96.833046	a
5	1	11	1	2	4	587	1132	100	31	95.871887	White
5	1	11	1	2	5	697	1135	92	28	87.635643	Man?
5	1	11	1	2	6	802	1134	100	36	87.335884	(1889)
2	1	12	0	0	0	415	1214	523	42	-1	
3	1	12	1	0	0	415	1214	523	42	-1	
4	1	12	1	1	0	415	1214	523	42	-1	
5	1	12	1	1	1	415	1214	60	31	96.931000	The
5	1	12	1	1	2	485	1217	135	28	96.436821	Marrow
5	1	12	1	1	3	630	1214	37	42	96.867836	of
5	1	12	1	1	4	679	1214	153	31	96.456558	Tradition
5	1	12	1	1	5	844	1216	94	36	96.477829	(1901)
2	1	13	0	0	0	342	1331	923	47	-1	
3	1	13	1	0	0	342	1331	923	47	-1	
4	1	13	1	1	0	342	1331	923	47	-1	
5	1	13	1	1	1	342	1332	157	38	96.518410	Frances
5	1	13	1	1	2	521	1332	102	38	96.034424	Ellen
5	1	13	1	1	3	637	1332	167	38	96.752754	Watkins
5	1	13	1	1	4	825	1332	142	46	96.157448	Harper
5	1	13	1	1	5	987	1331	278	39	91.395126	(1825-1911)
2	1	14	0	0	0	414	1420	625	356	-1	
3	1	14	1	0	0	414	1420	625	356	-1	
4	1	14	1	1	0	414	1420	625	42	-1	
5	1	14	1	1	1	414	1423	95	28	95.913429	From
5	1	14	1	1	2	522	1420	133	31	95.393387	Sketches
5	1	14	1	1	3	668	1420	36	42	97.005966	of
5	1	14	1	1	4	715	1420	146	31	96.884026	Southern
5	1	14	1	1	5	872	1420	60	42	96.944664	Life
5	1	14	1	1	6	944	1422	95	36	94.688896	(1891)
4	1	14	1	2	0	458	1473	205	32	-1	
5	1	14	1	2	1	458	1476	88	29	96.664665	Aunt
5	1	14	1	2	2	559	1473	104	32	96.173363	Chloe
4	1	14	1	3	0	459	1527	292	32	-1	
5	1	14	1	3	1	459	1527	69	32	96.825554	The
5	1	14	1	3	2	542	1528	209	31	96.099777	Deliverance
4	1	14	1	4	0	458	1581	369	32	-1	
5	1	14	1	4	1	458	1584	88	29	93.301102	Aunt
5	1	14	1	4	2	559	1581	129	32	92.370987	Chloe’s
5	1	14	1	4	3	701	1581	126	32	96.330215	Politics
4	1	14	1	5	0	460	1636	306	42	-1	
5	1	14	1	5	1	460	1639	160	39	96.405251	Learning
5	1	14	1	5	2	631	1645	34	23	96.374512	to
5	1	14	1	5	3	679	1636	87	32	96.453598	Read
4	1	14	1	6	0	460	1690	293	42	-1	
5	1	14	1	6	1	460	1690	131	32	96.761467	Church
5	1	14	1	6	2	604	1690	149	42	96.186874	Building
4	1	14	1	7	0	459	1744	233	32	-1	
5	1	14	1	7	1	459	1744	69	32	96.124039	The
5	1	14	1	7	2	542	1747	150	29	96.124039	Reunion
2	1	15	0	0	0	412	1826	620	42	-1	
3	1	15	1	0	0	412	1826	620	42	-1	
4	1	15	1	1	0	412	1826	620	42	-1	
5	1	15	1	1	1	412	1826	62	31	59.232239	Iola
5	1	15	1	1	2	485	1829	93	38	96.486694	Leroy,
5	1	15	1	1	3	593	1837	34	20	96.548378	or
5	1	15	1	1	4	637	1826	143	31	93.296822	Shadows
5	1	15	1	1	5	795	1826	126	42	92.446182	Uplifted
5	1	15	1	1	6	934	1828	98	36	94.388870	(1892)
2	1	16	0	0	0	339	1943	683	47	-1	
3	1	16	1	0	0	339	1943	683	47	-1	
4	1	16	1	1	0	339	1943	683	47	-1	
5	1	16	1	1	1	339	1944	105	38	96.491714	Anna
5	1	16	1	1	2	460	1944	100	38	95.978790	Julia
5	1	16	1	1	3	579	1944	144	46	96.415886	Cooper
5	1	16	1	1	4	744	1943	278	39	95.228897	(1858-1964)
2	1	17	0	0	0	414	2031	946	151	-1	
3	1	17	1	0	0	414	2031	946	151	-1	
4	1	17	1	1	0	414	2031	715	43	-1	
5	1	17	1	1	1	414	2035	127	28	96.640480	Extract
5	1	17	1	1	2	552	2031	87	32	96.425240	from
5	1	17	1	1	3	649	2034	25	28	96.884628	A
5	1	17	1	1	4	688	2035	82	28	96.944725	Voice
5	1	17	1	1	5	773	2032	81	42	96.104607	from
5	1	17	1	1	6	866	2032	47	31	96.144920	the
5	1	17	1	1	7	925	2032	93	31	96.901230	South
5	1	17	1	1	8	1031	2034	98	36	96.425484	(1892)
4	1	17	1	2	0	458	2086	902	42	-1	
5	1	17	1	2	1	458	2086	243	32	96.825470	Womanhood:
5	1	17	1	2	2	714	2089	29	28	96.838371	A
5	1	17	1	2	3	754	2086	82	32	96.133118	Vital
5	1	17	1	2	4	849	2087	149	31	96.211372	Element
5	1	17	1	2	5	1010	2089	33	28	96.977951	in
5	1	17	1	2	6	1055	2086	54	32	96.722458	the
5	1	17	1	2	7	1123	2089	237	39	96.399521	Regeneration
4	1	17	1	3	0	506	2140	403	42	-1	
5	1	17	1	3	1	506	2140	63	32	96.192078	and
5	1	17	1	3	2	581	2143	150	39	96.192078	Progress
5	1	17	1	3	3	745	2140	39	32	96.322884	of
5	1	17	1	3	4	796	2152	17	20	97.000969	a
5	1	17	1	3	5	826	2143	83	29	96.473000	Race
2	1	18	0	0	0	343	2258	765	39	-1	
3	1	18	1	0	0	343	2258	765	39	-1	
4	1	18	1	1	0	343	2258	765	39	-1	
5	1	18	1	1	1	343	2259	86	38	96.407433	Paul
5	1	18	1	1	2	454	2259	188	38	96.280220	Laurence
5	1	18	1	1	3	664	2259	146	38	96.210632	Dunbar
5	1	18	1	1	4	830	2258	278	39	95.879791	(1872-1906)
2	1	19	0	0	0	414	2347	542	303	-1	
3	1	19	1	0	0	414	2347	542	303	-1	
4	1	19	1	1	0	414	2347	542	42	-1	
5	1	19	1	1	1	414	2350	95	28	96.484596	From
5	1	19	1	1	2	520	2350	97	38	96.261139	Lyrics
5	1	19	1	1	3	629	2347	37	42	93.305191	of
5	1	19	1	1	4	675	2347	99	41	91.591583	Lowly
5	1	19	1	1	5	784	2347	60	42	96.847221	Life
5	1	19	1	1	6	856	2349	100	36	96.101349	(1896)
4	1	19	1	2	0	459	2400	409	42	-1	
5	1	19	1	2	1	459	2400	69	32	96.616554	The
5	1	19	1	2	2	542	2403	79	29	96.057022	Poet
5	1	19	1	2	3	633	2401	64	31	96.057022	and
5	1	19	1	2	4	709	2403	58	29	96.202950	His
5	1	19	1	2	5	781	2403	87	39	96.832031	Song
4	1	19	1	3	0	458	2454	260	42	-1	
5	1	19	1	3	1	458	2454	260	42	96.772705	Accountability
4	1	19	1	4	0	460	2509	338	42	-1	
5	1	19	1	4	1	460	2509	166	32	96.768082	Frederick
5	1	19	1	4	2	636	2509	162	42	96.013641	Douglass
4	1	19	1	5	0	458	2566	155	39	-1	
5	1	19	1	5	1	458	2566	29	28	96.121025	A
5	1	19	1	5	2	498	2566	115	39	96.121025	Prayer
4	1	19	1	6	0	459	2618	303	32	-1	
5	1	19	1	6	1	459	2620	132	29	96.767662	Passion
5	1	19	1	6	2	603	2618	64	31	96.676208	and
5	1	19	1	6	3	679	2621	83	29	95.996368	Love
2	1	20	0	0	0	43	2980	482	20	-1	
3	1	20	1	0	0	43	2980	482	20	-1	
4	1	20	1	1	0	43	2980	482	20	-1	
5	1	20	1	1	1	43	2980	86	20	96.772987	Created
5	1	20	1	1	2	138	2981	48	19	93.160118	from
5	1	20	1	1	3	195	2986	49	14	93.160118	cwm
5	1	20	1	1	4	254	2986	25	14	96.735634	on
5	1	20	1	1	5	288	2981	126	19	95.965454	2023-08-08
5	1	20	1	1	6	425	2981	100	19	96.748360	18:39:54.
2	1	21	0	0	0	1692	283	92	126	-1	
3	1	21	1	0	0	1692	283	92	126	-1	
4	1	21	1	1	0	1692	283	91	45	-1	
5	1	21	1	1	1	1692	283	91	45	96.421875	491
4	1	21	1	2	0	1713	379	71	30	-1	
5	1	21	1	2	1	1713	379	71	30	96.245964	493
2	1	22	0	0	0	1705	495	80	126	-1	
3	1	22	1	0	0	1705	495	80	126	-1	
4	1	22	1	1	0	1705	495	80	39	-1	
5	1	22	1	1	1	1705	495	80	39	96.922005	497
4	1	22	1	2	0	1727	589	58	32	-1	
5	1	22	1	2	1	1727	589	58	32	96.526749	498
2	1	23	0	0	0	1732	677	55	26	-1	
3	1	23	1	0	0	1732	677	55	26	-1	
4	1	23	1	1	0	1732	677	55	26	-1	
5	1	23	1	1	1	1732	677	55	26	92.887398	524
2	1	24	0	0	0	1706	783	80	39	-1	
3	1	24	1	0	0	1706	783	80	39	-1	
4	1	24	1	1	0	1706	783	80	39	-1	
5	1	24	1	1	1	1706	783	80	39	96.473259	548
2	1	25	0	0	0	1734	937	52	26	-1	
3	1	25	1	0	0	1734	937	52	26	-1	
4	1	25	1	1	0	1734	937	52	26	-1	
5	1	25	1	1	1	1734	937	52	26	96.479324	550
2	1	26	0	0	0	1706	1044	81	125	-1	
3	1	26	1	0	0	1706	1044	81	125	-1	
4	1	26	1	1	0	1706	1044	79	38	-1	
5	1	26	1	1	1	1706	1044	79	38	96.783020	565
4	1	26	1	2	0	1732	1137	55	32	-1	
5	1	26	1	2	1	1732	1137	55	32	96.828384	567
2	1	27	0	0	0	1737	1225	49	26	-1	
3	1	27	1	0	0	1737	1225	49	26	-1	
4	1	27	1	1	0	1737	1225	49	26	-1	
5	1	27	1	1	1	1737	1225	49	26	95.809425	573
2	1	28	0	0	0	1706	1331	80	39	-1	
3	1	28	1	0	0	1706	1331	80	39	-1	
4	1	28	1	1	0	1706	1331	80	39	-1	
5	1	28	1	1	1	1706	1331	80	39	96.794815	718
2	1	29	0	0	0	1730	1431	57	351	-1	
3	1	29	1	0	0	1730	1431	57	351	-1	
4	1	29	1	1	0	1731	1431	55	26	-1	
5	1	29	1	1	1	1731	1431	55	26	75.464218	72.0
4	1	29	1	2	0	1731	1485	55	26	-1	
5	1	29	1	2	1	1731	1485	55	26	75.464218	72.0
4	1	29	1	3	0	1732	1539	55	26	-1	
5	1	29	1	3	1	1732	1539	55	26	65.538834	722.
4	1	29	1	4	0	1730	1593	56	26	-1	
5	1	29	1	4	1	1730	1593	56	26	95.721107	729
4	1	29	1	5	0	1730	1648	56	26	-1	
5	1	29	1	5	1	1730	1648	56	26	95.721107	729
4	1	29	1	6	0	1739	1702	46	26	-1	
5	1	29	1	6	1	1739	1702	46	26	94.742142	731
4	1	29	1	7	0	1739	1756	46	26	-1	
5	1	29	1	7	1	1739	1756	46	26	94.742142	731
2	1	30	0	0	0	1739	1837	47	26	-1	
3	1	30	1	0	0	1739	1837	47	26	-1	
4	1	30	1	1	0	1739	1837	47	26	-1	
5	1	30	1	1	1	1739	1837	47	26	96.090309	733
2	1	31	0	0	0	1706	1943	79	39	-1	
3	1	31	1	0	0	1706	1943	79	39	-1	
4	1	31	1	1	0	1706	1943	79	39	-1	
5	1	31	1	1	1	1706	1943	79	39	96.880600	852
2	1	32	0	0	0	1737	2037	49	32	-1	
3	1	32	1	0	0	1737	2037	49	32	-1	
4	1	32	1	1	0	1737	2037	49	32	-1	
5	1	32	1	1	1	1737	2037	49	32	96.396469	853
2	1	33	0	0	0	1737	2146	49	32	-1	
3	1	33	1	0	0	1737	2146	49	32	-1	
4	1	33	1	1	0	1737	2146	49	32	-1	
5	1	33	1	1	1	1737	2146	49	32	96.396469	853
2	1	34	0	0	0	1706	2258	79	39	-1	
3	1	34	1	0	0	1706	2258	79	39	-1	
4	1	34	1	1	0	1706	2258	79	39	-1	
5	1	34	1	1	1	1706	2258	79	39	96.698647	867
2	1	35	0	0	0	1728	2352	59	303	-1	
3	1	35	1	0	0	1728	2352	59	303	-1	
4	1	35	1	1	0	1728	2352	58	31	-1	
5	1	35	1	1	1	1728	2352	58	31	96.600533	869
4	1	35	1	2	0	1728	2406	58	31	-1	
5	1	35	1	2	1	1728	2406	58	31	96.600533	869
4	1	35	1	3	0	1730	2460	56	32	-1	
5	1	35	1	3	1	1730	2460	56	32	96.832870	870
4	1	35	1	4	0	1737	2515	48	32	-1	
5	1	35	1	4	1	1737	2515	48	32	91.638504	871
4	1	35	1	5	0	1733	2569	54	32	-1	
5	1	35	1	5	1	1733	2569	54	32	96.691711	872
4	1	35	1	6	0	1736	2623	50	32	-1	
5	1	35	1	6	1	1736	2623	50	32	88.832878	873
